# Frame list with one line of data per frame:
#   FRAME_ID, RIG_ID, RIG_FROM_WORLD[QW, QX, QY, QZ, TX, TY, TZ], NUM_DATA_IDS, DATA_IDS[] as (SENSOR_TYPE, SENSOR_ID, DATA_ID)
# Number of frames: 152
1 1 0.42060860532242345 -0.040466526848812835 0.90064366033523191 0.10144879709230446 -0.20702246207905795 -0.88730020989545899 3.86623153105826 1 CAMERA 1 1
2 1 0.41636385544412702 -0.03925420947447638 0.90241550953325933 0.10366530312531855 -0.27803688835049328 -0.43214319123609163 3.659115832579976 1 CAMERA 1 2
3 1 0.40633240043531194 -0.035261884177745097 0.9062135996602525 0.11147866016202461 -0.27105743779739377 -0.3258467449048309 3.7064547430018515 1 CAMERA 1 3
4 1 0.3902577705066147 -0.032921325860864332 0.91256928947766747 0.1176110146414634 -0.15879954319734338 -0.35061817621712205 3.6895241054056833 1 CAMERA 1 4
5 1 0.39530403199772862 -0.034434920008548878 0.91025874037413557 0.11822852508103032 -0.2497945147278936 -0.36070665870132268 3.682448082200831 1 CAMERA 1 5
6 1 0.34390778684365692 -0.024862292651986039 0.9290331521752887 0.13418905585639945 0.021671940001905803 -0.35388960774215378 3.6265982167683455 1 CAMERA 1 6
7 1 0.306020573654045 -0.01969353076510354 0.93991433338579433 0.15008204170516562 0.16705637228083786 -0.4465542835501829 3.5019008586837646 1 CAMERA 1 7
8 1 0.3060125085069903 -0.020894283459394331 0.93901500862243925 0.155468926598784 -0.043036203408088738 -0.46021429212567311 3.3524743536098534 1 CAMERA 1 8
9 1 0.28938408911934954 -0.018523516220667263 0.94265111021775005 0.16529553144785936 -0.2148513536283351 -0.54758878960938173 3.4327683038692016 1 CAMERA 1 9
10 1 0.24603229642620866 -0.013926674738989682 0.95204732529086167 0.18132856160152172 -0.14138099184989655 -0.69257668570736974 3.4410815483743011 1 CAMERA 1 10
11 1 0.2117865786472381 -0.013342004920402844 0.95829043552721804 0.19143635283471069 -0.11699493457391467 -0.72486751978372421 3.3145121519687946 1 CAMERA 1 11
12 1 0.165282410628493 -0.012669905921415609 0.96616585668184396 0.19759740788536495 -0.13073677590631183 -0.78480314771763182 3.3971449240718066 1 CAMERA 1 12
13 1 0.12435415619865903 -0.013886113692486848 0.97098458657865661 0.20379438733516284 -0.12449187632989235 -0.83300260798264769 3.3663479484081726 1 CAMERA 1 13
14 1 0.095561352824842086 -0.015279682342289677 0.97355187655006037 0.20695724877293101 -0.18850327558183561 -0.83365549080498857 3.2909290980277861 1 CAMERA 1 14
15 1 0.027539789654777751 -0.011438319548427764 0.97687267257224075 0.21173215724883726 -0.10527233105153587 -0.84629930707155487 3.3723934563596574 1 CAMERA 1 15
16 1 -0.0062616186081866695 -0.013979446603234283 0.97717945592525624 0.21186240374991802 -0.25088603827511252 -0.81612328877713913 3.3536744009669834 1 CAMERA 1 16
17 1 -0.034185089531339891 -0.013350295586621437 0.97749082521536712 0.20776148796460026 -0.46927237477503142 -0.80250878917952495 3.4570915287331845 1 CAMERA 1 17
18 1 -0.097674697014989084 -0.0093392428599441933 0.97346356780304688 0.20673924220136808 -0.42264737232601057 -0.83069272844267461 3.614170157485491 1 CAMERA 1 18
19 1 -0.16943680525385874 -0.0047794286111280133 0.96454474854353833 0.20229126067282185 -0.35687844278512987 -0.83566116872869722 3.7951080262432315 1 CAMERA 1 19
20 1 -0.23494941181215698 -0.0027784238809521566 0.95198376206845103 0.19625995772917676 -0.28598630097524486 -0.84351973014492543 3.9282998068855131 1 CAMERA 1 20
21 1 -0.27498381352677387 -0.00067331882965383566 0.94304109804572722 0.1872349762644131 -0.34724796700165 -0.78439624419067822 3.9354045438283873 1 CAMERA 1 21
22 1 -0.32800747419844822 0.0035349075030831011 0.9275588111047417 0.17897835969987302 -0.29697160943457046 -0.76157041209860188 4.0607393515038277 1 CAMERA 1 22
23 1 -0.36479591777736414 0.0066218567414297177 0.91497518635561803 0.17233832347962733 -0.36992936616752126 -0.71221952561882707 3.9801583791151782 1 CAMERA 1 23
24 1 -0.4204907780619056 0.012353962876178959 0.89211579326116552 0.16481594759048238 -0.32527584654093072 -0.70901918602057057 4.1450753992208922 1 CAMERA 1 24
25 1 -0.46608232053749343 0.014974990455279115 0.87023027252697382 0.15887823299898135 -0.30855217622878917 -0.7319528296408937 4.2107494161448793 1 CAMERA 1 25
26 1 0.50686045660303758 -0.018628995682679339 -0.84811611724871649 -0.15311593553571318 -0.40576720008865391 -0.71594252667435443 4.222355948271014 1 CAMERA 1 26
27 1 0.55144838545599684 -0.020261577593436129 -0.82088048941635072 -0.14713724459487584 -0.38794801949933111 -0.74879289254404036 4.2892746978226759 1 CAMERA 1 27
28 1 0.56236249238168146 -0.020795001733366368 -0.81420636100859589 -0.14277253502796963 -0.66493711322148707 -0.71425976648530032 4.2680066916440413 1 CAMERA 1 28
29 1 0.59566052766399513 -0.024843137887110931 -0.79096853052009941 -0.13762317395645118 -0.79338596401243333 -0.72114484853897776 4.4342953848382329 1 CAMERA 1 29
30 1 0.61482717929329511 -0.025176826757521288 -0.77668913911960435 -0.13456466166984621 -0.99802111813788541 -0.72992392122019567 4.4355989620200917 1 CAMERA 1 30
31 1 0.64873157971014983 -0.026693653439959903 -0.74935938796037371 -0.12998189884924408 -0.99801534943763381 -0.75995214214685891 4.5447678882376712 1 CAMERA 1 31
32 1 0.70422330386435894 -0.025751418901931656 -0.6984380337864633 -0.1248627874084315 -0.66298008875966874 -0.84547592622390466 4.6103978951743176 1 CAMERA 1 32
33 1 0.73876568988696389 -0.022641227699839162 -0.66316434661878498 -0.11800711685217379 -0.6042622769292495 -0.86328294203179223 4.5637271577069756 1 CAMERA 1 33
34 1 0.7802124760554926 -0.020646752812353189 -0.61549555637489473 -0.1095783915214216 -0.45422843330661072 -0.91803822826485837 4.652381597396932 1 CAMERA 1 34
35 1 0.80488604260633634 -0.017245124038953574 -0.58435404035396399 -0.10193831289750649 -0.47934800418083329 -0.92424292997789514 4.5748517273148908 1 CAMERA 1 35
36 1 0.8180895722466871 -0.017235996153281998 -0.56666803506536256 -0.096538646422030208 -0.73922384712240796 -0.91770089853667847 4.5754087514645958 1 CAMERA 1 36
37 1 0.84004018865249541 -0.016765101929644404 -0.53472813802805086 -0.090095678070717403 -0.73683987523872085 -0.95552856324150692 4.5787365510663198 1 CAMERA 1 37
38 1 0.863152480087923 -0.01566595089574719 -0.49781174205056922 -0.083101405386295193 -0.64103401688293282 -0.95622447284292378 4.5470584945793737 1 CAMERA 1 38
39 1 0.89874895595009763 -0.014526207201395681 -0.43241749449393391 -0.071094401597735765 -0.35805959441188406 -0.97819518173318543 4.6178751776951152 1 CAMERA 1 39
40 1 0.9176548660505951 -0.012963391540033063 -0.39252458626523656 -0.060547059967838067 -0.29916794625671222 -0.94829338570664112 4.4878919483610087 1 CAMERA 1 40
41 1 0.93378949993765814 -0.013577675649113066 -0.35390079474071368 -0.051059220636797402 -0.35282730900577697 -0.91902356323899215 4.4210129512089074 1 CAMERA 1 41
42 1 0.94785636760266456 -0.013572593968847579 -0.31572543850780799 -0.041249709903122461 -0.32421731171251761 -0.89177557707511268 4.3052991389335595 1 CAMERA 1 42
43 1 0.95237389802818506 -0.015490384171371453 -0.30246004183123426 -0.035523646325673446 -0.50928859849564811 -0.84708522693818189 4.0973028386951986 1 CAMERA 1 43
44 1 0.96679319672319586 -0.015875232807263915 -0.25348787268976647 -0.028333551705990188 -0.4833862157574319 -0.78996569291439789 3.9288417844743386 1 CAMERA 1 44
45 1 0.97773593544817683 -0.017091347387080978 -0.2083126561489346 -0.018605474085562759 -0.41025299195443732 -0.76443435747221455 3.8237802586608267 1 CAMERA 1 45
46 1 0.98812522252160162 -0.016081007562127905 -0.15260852763141125 -0.0077835150539487322 -0.39055377364731386 -0.77628334727199966 3.8776586942799742 1 CAMERA 1 46
47 1 0.99357872361151744 -0.014691411230156576 -0.11216688219452574 0.0020181579060169451 -0.42370466003240465 -0.78251811862922172 3.8320258054722829 1 CAMERA 1 47
48 1 0.99722789431077818 -0.013371492598637026 -0.072365873434982977 0.010995924525392685 -0.54137196218125483 -0.75995070587657521 3.8285033062371849 1 CAMERA 1 48
49 1 0.99878772712749042 -0.015848075178284644 -0.043000394492284613 0.017968882162037472 -0.70043346958776287 -0.68590196975888429 3.7493890333201718 1 CAMERA 1 49
50 1 0.99901363268633825 -0.016992163050727524 0.029033791367237705 0.028983910373639191 -0.56277239815533808 -0.69183322828342575 3.8121605191658738 1 CAMERA 1 50
51 1 0.9945249874386799 -0.019429655607104256 0.093343409193495389 0.042773190238966897 -0.40727930391331763 -0.65554878926117766 3.749842284356264 1 CAMERA 1 51
52 1 0.983994126050308 -0.019156623797120773 0.16765517828641308 0.057274120306970634 -0.26095376716412949 -0.66379775152052878 3.7929682573222427 1 CAMERA 1 52
53 1 0.97512872928429217 -0.020935657898708392 0.20990978953909989 0.067996616154047215 -0.36094108480630999 -0.66066935840127683 3.7450520051613214 1 CAMERA 1 53
54 1 0.96042318841314633 -0.019842236710643144 0.26665769411345197 0.078020888041228031 -0.37074631659198826 -0.68151496171230164 3.9033597896782952 1 CAMERA 1 54
55 1 0.95071356533503149 -0.022149196566631394 0.2975451151307193 0.084380295337553743 -0.53912773430187744 -0.63499279712654388 3.7786517414113927 1 CAMERA 1 55
56 1 0.93791806120134136 -0.02183980395781986 0.33421372585017312 0.090188241410654096 -0.7453518123079439 -0.63968562968958742 3.7401012608565609 1 CAMERA 1 56
57 1 0.91832701852891208 -0.021469175745346462 0.38307980835328437 0.097285260777908736 -0.7515294402616719 -0.6371853165935476 3.8078087101330156 1 CAMERA 1 57
58 1 0.88510719775571645 -0.021855214119829977 0.45193525695576497 0.10891336748593389 -0.18969779267688797 -0.69306372778499648 4.2485971304151242 1 CAMERA 1 58
59 1 0.87541902047858422 -0.024341285081599686 0.46912167999929943 0.11390298406770266 -0.19235635712971927 -0.7445337169068682 4.560163252331467 1 CAMERA 1 59
60 1 0.8733442823948806 -0.025484101677049963 0.47256542786190886 0.11533534306350338 -0.41206347060989673 -0.79338193349950803 4.7036696734767327 1 CAMERA 1 60
61 1 0.89861035959489477 -0.026071447698997191 0.42395650878660651 0.10991169137577948 -0.98537020928005281 -0.84429859980612831 4.5316871226231763 1 CAMERA 1 61
62 1 0.91812068340691844 -0.01706472484007927 0.38268168872031394 0.10157721685847755 -1.5638359991727899 -0.8607683277807181 4.1608773892227449 1 CAMERA 1 62
63 1 0.92529427091918837 -0.014023656362558704 0.36705387902196707 0.094367892639816084 -1.7046633263485877 -0.77655152917657577 3.7963877239877957 1 CAMERA 1 63
64 1 0.90792127928123867 -0.0085743484510418955 0.40822850946822059 0.094630413896981611 -1.4904968173379751 -0.70593938485465069 3.6298551804926862 1 CAMERA 1 64
65 1 0.85443938006204534 -0.0094974202988438589 0.50419528983878581 0.12502101627821394 -0.88124585414029144 -0.74076039993205467 3.5933246698001429 1 CAMERA 1 65
66 1 0.81879902439320984 -0.011067244899310756 0.55702337548836878 0.13845805466859018 -0.76346548796237712 -0.74321905653833598 3.6486068200012443 1 CAMERA 1 66
67 1 0.77541274875569732 -0.011329924278928072 0.61296633311602999 0.15125797945647654 -0.65632667755930918 -0.77058572128889002 3.7268884298294727 1 CAMERA 1 67
68 1 0.75311851488226111 -0.01395358420360744 0.63826491992675671 0.1588574581828042 -0.74343349630462163 -0.75804346123043309 3.6588410501903352 1 CAMERA 1 68
69 1 0.71906097505433386 -0.013657416011040117 0.6750464613317434 0.16455109900970982 -0.86737691491594826 -0.80809826663289452 3.8481080782909474 1 CAMERA 1 69
70 1 0.69144956814895664 -0.01309159050399252 0.70184060948523652 0.17072159746818516 -1.0060726953914474 -0.86616908130821091 4.0087196898133639 1 CAMERA 1 70
71 1 0.63661188990845963 -0.0086553734008419213 0.74983946588611616 0.17997544704235519 -0.60742832040574957 -0.90692987535714031 4.4029447196912654 1 CAMERA 1 71
72 1 0.61094039530066491 -0.012586663746683147 0.76990451110960001 0.18395774802569015 -0.23810871773779593 -0.85970612345581676 4.5735618844771935 1 CAMERA 1 72
73 1 0.55354400754887845 -0.018497766371049003 0.81383613904660679 0.17583402153087829 0.26020077497170807 -0.66080042732692013 4.5670556636098238 1 CAMERA 1 73
74 1 0.50716939757061597 -0.020903231216974752 0.84366897668205043 0.17482824393332527 0.55826295585146624 -0.48181547310832173 4.1783767613701883 1 CAMERA 1 74
75 1 0.51338651376550848 -0.03185827915834346 0.84291191732526138 0.15785701493382573 0.16420475315696278 -0.2205097950414027 3.7443065968218234 1 CAMERA 1 75
76 1 0.51056095371531351 -0.039896631175124167 0.84831770494165593 0.13450963848255471 -0.030845736699011066 -0.029563714676226469 3.3488857636109479 1 CAMERA 1 76
77 1 0.48326598321561698 -0.035286453445352452 0.86565182941950958 0.12591968032261003 -0.19017493874280372 -0.00051947179266291434 3.135915805879308 1 CAMERA 1 77
78 1 0.41782285917914364 -0.026627304288739554 0.89963376225448755 0.1239924950370655 -0.19322630934941543 -0.012296997361241499 3.0632255928713397 1 CAMERA 1 78
79 1 0.33375614515478863 -0.015699585032730841 0.93422397499427379 0.12484359473803405 -0.19324538123775203 -0.0049854991958240835 3.0088267844011423 1 CAMERA 1 79
80 1 0.25170398074269051 -0.0058791721538199674 0.95932512735794429 0.12769432811496895 -0.10468695591390723 -0.035880670451549489 2.9322603570546719 1 CAMERA 1 80
81 1 0.19357382502820691 0.0015210347556688249 0.97279071584732091 0.12729919040778737 -0.23960008313112238 -0.016191863789377956 2.834935448533074 1 CAMERA 1 81
82 1 0.11525350558429753 0.010493358378050552 0.98509119522576627 0.12728651134017124 -0.16167442700445012 -0.061065523541001025 2.7642438286009501 1 CAMERA 1 82
83 1 0.026428790481305774 0.020122921754981388 0.99140940236071073 0.12650685342904011 0.08824560564232499 -0.071242339831865648 2.6125497375657716 1 CAMERA 1 83
84 1 -0.04369805457603923 0.0042747130599556015 0.99131782766488374 0.12394019286857896 0.18009531926785857 -0.067715930635224478 2.6510767341226957 1 CAMERA 1 84
85 1 -0.069436146038260968 0.0074617549385690724 0.99000830082240987 0.12250105362532501 0.012339033207328664 -0.091688668394662109 2.6247966281160715 1 CAMERA 1 85
86 1 -0.091346484602269504 0.0095260884022650479 0.98841793233671149 0.12081003445815111 -0.28759877462952893 -0.093573251784674127 2.6195996880150072 1 CAMERA 1 86
87 1 -0.14445666261318629 0.015546980084172969 0.98204216492481333 0.12034845386089579 -0.36877404336491559 -0.10378866600290242 2.6651145618375485 1 CAMERA 1 87
88 1 -0.19150998118220711 0.02074876196876959 0.97390866101956708 0.11998056499045272 -0.40844012530165985 -0.091641980211060556 2.485636458002928 1 CAMERA 1 88
89 1 -0.27034118245911737 0.028885122402824256 0.95522913254039454 0.11669875370588008 -0.35319233903138736 -0.091780956212022383 2.4891806035745683 1 CAMERA 1 89
90 1 -0.33203288708423384 0.033109451871130964 0.93558705323816294 0.11547636946333559 -0.32455806472360582 -0.12083723129148737 2.4224382189044156 1 CAMERA 1 90
91 1 -0.3855091745043468 0.036884170282659057 0.91507436344078741 0.11252174780447891 -0.38228914644861667 -0.156759285315514 2.4888189955755475 1 CAMERA 1 91
92 1 -0.4365386401814168 0.041084232250824658 0.8924299210959441 0.1063716946448017 -0.3161539160186087 -0.19344426304972892 2.8610253004159056 1 CAMERA 1 92
93 1 -0.47302549743108202 0.042986611766834777 0.87381981183750979 0.10410555426654212 -0.32342442314741765 -0.22909878314098894 3.3279175192998598 1 CAMERA 1 93
94 1 -0.49972281908963501 0.036969853077202783 0.85784433745562383 0.11407640746394443 -0.22242813080946688 -0.38909396148834874 3.8136227053501051 1 CAMERA 1 94
95 1 0.50811636777482527 -0.027819836186044725 -0.85112777077650537 -0.12893925440654819 -0.39058191727321023 -0.54861553135724894 4.2766826851859392 1 CAMERA 1 95
96 1 0.51839138090201387 -0.022895654849581452 -0.84437596494708667 -0.13332439767420062 -0.28913324837205467 -0.71029572650940531 4.6588475375666611 1 CAMERA 1 96
97 1 0.50809280170467541 -0.0095233401573607684 -0.84698655250624466 -0.15609225067801161 -0.67051325559122699 -0.98267468735103214 4.6657458531564293 1 CAMERA 1 97
98 1 0.53011688910268184 -0.0033015030876761341 -0.83221963258406129 -0.16240587152904057 -0.69841197393099652 -1.0395256190209452 4.4158136467520883 1 CAMERA 1 98
99 1 0.55327667486605969 0.00075204598817935108 -0.81738716408472445 -0.16050725673788047 -0.6414638447979143 -0.95984675009854648 4.0529142038158525 1 CAMERA 1 99
100 1 0.5961310038782488 0.001239111798629614 -0.78821387749398752 -0.15279127639677351 -0.49391317336150697 -0.85388750574957029 3.7182941294839904 1 CAMERA 1 100
101 1 0.6296699881493063 0.004525307221320933 -0.76364885743868383 -0.14260312111310117 -0.32453517487845096 -0.71292874346611657 3.3410986966762128 1 CAMERA 1 101
102 1 0.65974634689202771 0.00023644509714443315 -0.74043280478638518 -0.12842882640788669 -0.42715031029753509 -0.51198273787207615 3.1634690347921608 1 CAMERA 1 102
103 1 0.69257532929827414 -0.0078044434485908939 -0.71274308644722351 -0.11079619412024304 -0.53912100937043306 -0.39314075671293125 2.9933894079679386 1 CAMERA 1 103
104 1 0.72878040500310814 -0.021599933606636364 -0.67834099966597683 -0.090917832815448379 -0.6068413272593266 -0.28739600552077249 2.89354163147412 1 CAMERA 1 104
105 1 0.79354123971100454 -0.040023234957073578 -0.60366797333867095 -0.06538669212213509 -0.43626639502979303 -0.20707578141858574 2.7935549083905373 1 CAMERA 1 105
106 1 0.84306378776573077 -0.046457364095208419 -0.53337081776032891 -0.05099739053228592 -0.43380986312214659 -0.15445300667201478 2.6781639962202028 1 CAMERA 1 106
107 1 0.88439163946714516 -0.052883398034660113 -0.4621563855941544 -0.038291637565793429 -0.44207712798884263 -0.15453705993330544 2.7125346012121452 1 CAMERA 1 107
108 1 0.90907209484473961 -0.058521716158493074 -0.41148199244666273 -0.029081007626735728 -0.56852300811855849 -0.10976625216684568 2.5761333113294342 1 CAMERA 1 108
109 1 0.92980420561711563 -0.065254352454725342 -0.36154701471063705 -0.022130631628260101 -0.75652087737007168 -0.067491571143678084 2.5381796808333816 1 CAMERA 1 109
110 1 0.95372548891844411 -0.070562169976305641 -0.29200188699604479 -0.012789446675237208 -0.730988832867556 -0.037133801166674175 2.4686540622224724 1 CAMERA 1 110
111 1 0.97248206172423568 -0.077822817708253 -0.21957922882329295 -0.002685318956068038 -0.73990340326672643 -0.0025516539093279607 2.5406749593143845 1 CAMERA 1 111
112 1 0.98656007922938582 -0.083808036282960338 -0.14004535857553543 0.0079196380442349678 -0.65713788221113523 -0.0058287234132615093 2.5778644696246782 1 CAMERA 1 112
113 1 0.99330360864235412 -0.090931786568940645 -0.06929020008277427 0.016679910729588091 -0.59644041788413904 0.01038349482733112 2.6034920331603049 1 CAMERA 1 113
114 1 0.99486839763394563 -0.097891813932197799 0.0088915998593490763 0.023979232812386973 -0.40158441497112168 0.029169032431793192 2.8299263766790563 1 CAMERA 1 114
115 1 0.99417887648947123 -0.10251618319992253 0.022440381800969599 0.024397192233522793 -0.31704537849920617 -0.024256585528238547 3.1190817582619856 1 CAMERA 1 115
116 1 0.99439835911734831 -0.10405472339000173 0.0034601052329024744 0.018235832767726824 -0.67362607688538967 -0.083644131414672973 3.3574767853668117 1 CAMERA 1 116
117 1 0.99463340101449382 -0.10134627094630369 -0.016691710739089975 0.012438558767890651 -0.86678295507618697 -0.15568915116869533 3.5311234144572152 1 CAMERA 1 117
118 1 0.99623700963021777 -0.080759532808723555 -0.030451146590290502 0.0079022892186107405 -1.2069833772934004 -0.34198359578546716 3.742293241737368 1 CAMERA 1 118
119 1 0.99879971398297052 -0.047147195751062694 -0.0018562056978002508 0.013146398014465568 -0.99783348724395826 -0.66549815094816445 4.0951485106813221 1 CAMERA 1 119
120 1 0.99977969698139846 -0.011106966196358878 -0.0049571815137504673 0.017106114612496271 -1.008228045609648 -1.0683759794515109 4.2550997141952731 1 CAMERA 1 120
121 1 0.99973404480358619 0.0067177787947360536 -0.0063269450560463668 0.021134826116720774 -1.1126676114630432 -1.1571791334935835 4.37937623694022 1 CAMERA 1 121
122 1 0.99953250751048928 0.0057778937801541454 -0.01910701595752454 0.02315824506429183 -1.2165326615714243 -1.0059433338284578 4.4290033985376533 1 CAMERA 1 122
123 1 0.9990381953838674 -0.0065148371103513703 -0.036910268426419729 0.022756826366189448 -1.3822168803274619 -0.76652028840057251 4.3985137655817308 1 CAMERA 1 123
124 1 0.99862326885220731 -0.031962329510589714 -0.034610191945970058 0.023067531568240263 -1.3779856016807421 -0.53778678989481488 4.1745991790166181 1 CAMERA 1 124
125 1 0.99852779738486808 -0.043503269161786637 0.01314644205517149 0.02961206651436046 -1.1714016539726557 -0.44116154952504588 3.9620501854681867 1 CAMERA 1 125
126 1 0.99558104873587294 -0.051031241073055185 0.067298811432528277 0.04104945568813502 -0.90110789604031838 -0.356689323501728 3.6227018843873933 1 CAMERA 1 126
127 1 0.990243620677838 -0.054003724518914095 0.11783025549139203 0.051158580275106016 -0.88762117585059386 -0.32953375796107925 3.3654034187857356 1 CAMERA 1 127
128 1 0.98093854512584866 -0.056879642964252346 0.17485894925681469 0.06283808373467048 -0.78330831670446732 -0.2782747413685957 3.0672145823062071 1 CAMERA 1 128
129 1 0.96431445678289707 -0.058796327694824735 0.24695012157946361 0.075208096246330181 -0.7459424837648172 -0.26627590793134659 2.9994832355439875 1 CAMERA 1 129
130 1 0.94353339320928165 -0.058804760702220481 0.31391063705517319 0.088016180111097159 -0.61438871623906688 -0.22319176404730964 2.7714140756753394 1 CAMERA 1 130
131 1 0.91387368103890654 -0.059821774801089064 0.38915724383057271 0.09906003199191224 -0.54662861117766581 -0.1489557449961374 2.5861684116194152 1 CAMERA 1 131
132 1 0.86363819517582663 -0.05836767014516455 0.48780150382843257 0.11301316639217715 -0.28101732291731862 -0.083471920046441425 2.413969434070693 1 CAMERA 1 132
133 1 0.81461631409884927 -0.072672903612794285 0.56428217633399558 0.11271439728916632 -0.23138412704115535 0.077243398375590508 2.2610518693224639 1 CAMERA 1 133
134 1 0.751431817804605 -0.072750587351487192 0.64515393748849936 0.11761790753948154 -0.18967260197020072 0.092802200079711974 2.1377052895245421 1 CAMERA 1 134
135 1 0.70156701450015391 -0.070795727515125126 0.69903033340886922 0.11894655146421904 -0.25492514637577524 0.10868009207971596 1.9826588484271497 1 CAMERA 1 135
136 1 0.61003209416820403 -0.063248793663192956 0.78052570229503271 0.12099612490386746 -0.19655175883661116 0.096569664612865563 2.0514770031555827 1 CAMERA 1 136
137 1 0.54645168742206029 -0.057691321155566591 0.82695583498840441 0.11919023347380113 -0.22678107540740544 0.1054535480501375 1.9888381550170946 1 CAMERA 1 137
138 1 0.45683546997569102 -0.047272009624964403 0.88041996694583935 0.11801437319748051 -0.301038141041716 0.093151258760502023 2.0156330268656086 1 CAMERA 1 138
139 1 0.38983572431409691 -0.039737834920176074 0.91262080835850368 0.11650009731940819 -0.368809778701152 0.088175218861783144 1.9454001388420699 1 CAMERA 1 139
140 1 0.2972644652948882 -0.027707467561318505 0.94760129324503328 0.11365704093730017 -0.39636490530498081 0.10141049922229078 2.0433564840398524 1 CAMERA 1 140
141 1 0.18951502728101807 -0.014399600780156497 0.97523860582284527 0.1130768218723905 -0.24580605329011765 0.077106816831250841 1.9970965290761769 1 CAMERA 1 141
142 1 0.10710244827582116 -0.0035617702640194076 0.98803492428506379 0.1109205470547262 -0.26158194930468831 0.126996706613695 1.979647200512908 1 CAMERA 1 142
143 1 0.039054154284176051 0.0056247486859250717 0.99290309510267494 0.1121899236602666 -0.29935585940801124 0.12088182438661772 2.0171066610845343 1 CAMERA 1 143
144 1 -0.052472760442773693 0.016117307053375104 0.99224567297186017 0.11151397353463394 -0.27711877871547536 0.11703862016239538 1.931419617208717 1 CAMERA 1 144
145 1 -0.16303397524818805 0.027912536054617663 0.98033945630173269 0.10758886403246466 -0.2576937891299958 0.10238453956411235 2.0251357821624296 1 CAMERA 1 145
146 1 -0.22717415264382412 0.035278433722619525 0.96757299033482524 0.10464150638806478 -0.28790719015753419 0.086768454498382164 1.8995404038306629 1 CAMERA 1 146
147 1 -0.27338959445448713 0.040260605567759976 0.95579404973960802 0.10047361726188749 -0.39191011052278729 -0.036090306800863711 1.76675082081088 1 CAMERA 1 147
148 1 -0.26854169910908166 0.041156390084439935 0.957499917292161 0.096878355582296072 -0.46470983688333894 -0.13971384899846245 1.7336795567541934 1 CAMERA 1 148
149 1 -0.28158287151164096 0.046163294366693274 0.95458255521547175 0.085744865751679583 -0.37512661546591125 -0.12029294574223115 1.8404822715282638 1 CAMERA 1 149
150 1 -0.348032718248031 0.05931978232960694 0.93345634438396652 0.063353323374362808 -0.050701403443568292 -0.062170664271352274 1.8854238970730255 1 CAMERA 1 150
151 1 -0.39608177197299027 0.067741922760058748 0.91383071939484606 0.058682860375109752 0.14827053496744494 -0.046182426527159003 1.8908380146087331 1 CAMERA 1 151
152 1 -0.39032022383780102 0.072246854944887334 0.91604929352099174 0.057307998163199508 0.11086056945723724 -0.034385074499629804 1.8928176427589225 1 CAMERA 1 152
